This is the expected output (for the first few iterations) based on the original model, with dt=0.01:

Singularity JCSDA-singularity-master-latest.simg:~/jedi/src/maooam-bundle/maooam/fortran> ./maooam 
 Model MAOOAM v1.3
 Loading information...
 *** IC.nml namelist written. Starting with initial condition in IC.nml !***
 Starting the transient time evolution...
 Starting the time evolution...
 =====================================================================
 maooam_run :: init X = 
   1.0000000000000000        1.1905205359806419E-002   0.0000000000000000        0.0000000000000000        0.0000000000000000       -3.2453209989612928E-004   8.5971414767058583E-005   0.0000000000000000        0.0000000000000000       -6.9464302002740901E-005  -4.1758188397967009E-005   1.7276540437547803E-002   0.0000000000000000        0.0000000000000000        0.0000000000000000       -6.8387549357759505E-004   1.2721431069948703E-004   0.0000000000000000        0.0000000000000000       -8.6894796611478996E-005  -4.0105049697221063E-006   0.0000000000000000       -2.7944542141555150E-008   0.0000000000000000       -1.0034204629619581E-008   0.0000000000000000       -1.1285841564517064E-009   0.0000000000000000       -4.2228533176261570E-011   0.0000000000000000        1.4902108308210310E-002   0.0000000000000000        5.9499918286543222E-003   0.0000000000000000        1.2167777611227770E-005   0.0000000000000000        0.0000000000000000     
 ---------------------------------------------------------------------
 iteration t =    0.0000000000000000     
 X0 = 
   1.0000000000000000        1.1905205359806419E-002   0.0000000000000000        0.0000000000000000        0.0000000000000000       -3.2453209989612928E-004   8.5971414767058583E-005   0.0000000000000000        0.0000000000000000       -6.9464302002740901E-005  -4.1758188397967009E-005   1.7276540437547803E-002   0.0000000000000000        0.0000000000000000        0.0000000000000000       -6.8387549357759505E-004   1.2721431069948703E-004   0.0000000000000000        0.0000000000000000       -8.6894796611478996E-005  -4.0105049697221063E-006   0.0000000000000000       -2.7944542141555150E-008   0.0000000000000000       -1.0034204629619581E-008   0.0000000000000000       -1.1285841564517064E-009   0.0000000000000000       -4.2228533176261570E-011   0.0000000000000000        1.4902108308210310E-002   0.0000000000000000        5.9499918286543222E-003   0.0000000000000000        1.2167777611227770E-005   0.0000000000000000        0.0000000000000000     
 Xnew = 
   1.0000000000000000        1.1906279555822116E-002   0.0000000000000000        0.0000000000000000        0.0000000000000000       -3.2459139577635277E-004   8.5984549829057848E-005   0.0000000000000000        0.0000000000000000       -6.9476801147761450E-005  -4.1772505761493869E-005   1.7277201136987486E-002   0.0000000000000000        0.0000000000000000        0.0000000000000000       -6.8396487632879047E-004   1.2722387500576865E-004   0.0000000000000000        0.0000000000000000       -8.6905735744788535E-005  -4.0157046053130185E-006   0.0000000000000000       -2.7947360228781549E-008   0.0000000000000000       -1.0035109887518204E-008   0.0000000000000000       -1.1287525867603571E-009   0.0000000000000000       -4.2237607716191375E-011   0.0000000000000000        1.4903610592360903E-002   0.0000000000000000        5.9505901804492679E-003   0.0000000000000000        1.2170507301927954E-005   0.0000000000000000        0.0000000000000000     
 -------------------------------------------------------------------
 iteration t =    1.0000000000000000E-002
 X0 = 
   1.0000000000000000        1.1906279555822116E-002   0.0000000000000000        0.0000000000000000        0.0000000000000000       -3.2459139577635277E-004   8.5984549829057848E-005   0.0000000000000000        0.0000000000000000       -6.9476801147761450E-005  -4.1772505761493869E-005   1.7277201136987486E-002   0.0000000000000000        0.0000000000000000        0.0000000000000000       -6.8396487632879047E-004   1.2722387500576865E-004   0.0000000000000000        0.0000000000000000       -8.6905735744788535E-005  -4.0157046053130185E-006   0.0000000000000000       -2.7947360228781549E-008   0.0000000000000000       -1.0035109887518204E-008   0.0000000000000000       -1.1287525867603571E-009   0.0000000000000000       -4.2237607716191375E-011   0.0000000000000000        1.4903610592360903E-002   0.0000000000000000        5.9505901804492679E-003   0.0000000000000000        1.2170507301927954E-005   0.0000000000000000        0.0000000000000000     
 Xnew = 
   1.0000000000000000        1.1907353669138332E-002   0.0000000000000000        0.0000000000000000        0.0000000000000000       -3.2465069582389037E-004   8.5997682818297262E-005   0.0000000000000000        0.0000000000000000       -6.9489300049694101E-005  -4.1786826589926168E-005   1.7277861780889178E-002   0.0000000000000000        0.0000000000000000        0.0000000000000000       -6.8405426052884082E-004   1.2723343682925371E-004   0.0000000000000000        0.0000000000000000       -8.6916674489208239E-005  -4.0209055879957211E-006   0.0000000000000000       -2.7950178183734707E-008   0.0000000000000000       -1.0036015075685985E-008   0.0000000000000000       -1.1289210072528294E-009   0.0000000000000000       -4.2246683074626471E-011   0.0000000000000000        1.4905112870483829E-002   0.0000000000000000        5.9511885295125549E-003   0.0000000000000000        1.2173237175589241E-005   0.0000000000000000        0.0000000000000000     
 -------------------------------------------------------------------
 iteration t =    2.0000000000000000E-002
 X0 = 
   1.0000000000000000        1.1907353669138332E-002   0.0000000000000000        0.0000000000000000        0.0000000000000000       -3.2465069582389037E-004   8.5997682818297262E-005   0.0000000000000000        0.0000000000000000       -6.9489300049694101E-005  -4.1786826589926168E-005   1.7277861780889178E-002   0.0000000000000000        0.0000000000000000        0.0000000000000000       -6.8405426052884082E-004   1.2723343682925371E-004   0.0000000000000000        0.0000000000000000       -8.6916674489208239E-005  -4.0209055879957211E-006   0.0000000000000000       -2.7950178183734707E-008   0.0000000000000000       -1.0036015075685985E-008   0.0000000000000000       -1.1289210072528294E-009   0.0000000000000000       -4.2246683074626471E-011   0.0000000000000000        1.4905112870483829E-002   0.0000000000000000        5.9511885295125549E-003   0.0000000000000000        1.2173237175589241E-005   0.0000000000000000        0.0000000000000000     
 Xnew = 
   1.0000000000000000        1.1908427699760500E-002   0.0000000000000000        0.0000000000000000        0.0000000000000000       -3.2471000003894647E-004   8.6010813734104457E-005   0.0000000000000000        0.0000000000000000       -6.9501798707888372E-005  -4.1801150883542099E-005   1.7278522369268901E-002   0.0000000000000000        0.0000000000000000        0.0000000000000000       -6.8414364617750236E-004   1.2724299616997308E-004   0.0000000000000000        0.0000000000000000       -8.6927612844455105E-005  -4.0261079177188033E-006   0.0000000000000000       -2.7952996006422069E-008   0.0000000000000000       -1.0036920194127504E-008   0.0000000000000000       -1.1290894179275827E-009   0.0000000000000000       -4.2255759251503773E-011   0.0000000000000000        1.4906615142578215E-002   0.0000000000000000        5.9517868758438329E-003   0.0000000000000000        1.2175967232153201E-005   0.0000000000000000        0.0000000000000000     
 -------------------------------------------------------------------

